R2
-0.7 0.25 0 
-0.689919 0.165769 -0.101817 
-0.679839 0.0815374 -0.203634 
-0.669758 -0.00269392 -0.305451 
-0.659677 -0.0869252 -0.407269 
-0.649597 -0.171157 -0.509086 
-0.639516 -0.255388 -0.610903 
-0.629435 -0.339619 -0.71272 
-0.619355 -0.42385 -0.814537 
-0.609274 -0.508082 -0.916354 
-0.599193 -0.592313 -1.01817 
-0.589113 -0.676544 -1.11999 
-0.579032 -0.760776 -1.22181 
-0.568951 -0.845007 -1.32362 
-0.558871 -0.929238 -1.42544 
-0.54879 -1.01347 -1.52726 
-0.403064 -1.01508 -1.47292 
-0.257338 -1.01669 -1.41857 
-0.111611 -1.01831 -1.36423 
0.0341148 -1.01992 -1.30989 
0.179841 -1.02153 -1.25555 
0.325567 -1.02314 -1.20121 
0.471294 -1.02476 -1.14686 
0.61702 -1.02637 -1.09252 
0.712994 -0.920258 -1.05683 
0.808968 -0.814147 -1.02113 
0.904942 -0.708036 -0.985441 
1.00092 -0.601924 -0.949747 
1.09689 -0.495813 -0.914053 
1.19286 -0.389702 -0.878359 
1.28884 -0.283591 -0.842665 
1.38481 -0.17748 -0.806971 
1.25993 -0.0427929 -0.815811 
1.13505 0.0918938 -0.82465 
1.01016 0.22658 -0.833489 
0.885282 0.361267 -0.842328 
0.760399 0.495954 -0.851167 
0.635516 0.63064 -0.860006 
0.510633 0.765327 -0.868845 
0.382394 0.77757 -0.789859 
0.254155 0.789813 -0.710873 
0.125915 0.802056 -0.631887 
-0.00232416 0.814299 -0.552901 
-0.130564 0.826542 -0.473916 
-0.258803 0.838785 -0.39493 
-0.387042 0.851028 -0.315944 
-0.515282 0.863271 -0.236958 
-0.643521 0.875514 -0.157972 
-0.771761 0.887757 -0.0789859 
-0.9 0.9 0 

