R2
-0.275 -0.123 
-0.327629 -0.0881505 
-0.380258 -0.0533009 
-0.432887 -0.0184514 
-0.485516 0.0163981 
-0.538145 0.0512477 
-0.590774 0.0860972 
-0.643403 0.120947 
-0.696032 0.155796 
-0.748661 0.190646 
-0.76805 0.239839 
-0.787439 0.289032 
-0.806828 0.338226 
-0.826217 0.387419 
-0.814131 0.446113 
-0.802045 0.504806 
-0.78996 0.563499 
-0.777874 0.622193 
-0.765788 0.680886 
-0.753702 0.73958 
-0.741616 0.798273 
-0.72953 0.856967 
-0.717445 0.91566 
-0.705359 0.974354 
-0.693273 1.03305 
-0.681187 1.09174 
-0.669101 1.15043 
-0.657016 1.20913 
-0.64493 1.26782 
-0.632844 1.32651 
-0.620758 1.38521 
-0.608672 1.4439 
-0.596587 1.50259 
-0.584501 1.56129 
-0.572415 1.61998 
-0.560329 1.67868 
-0.548243 1.73737 
-0.536157 1.79606 
-0.469311 1.80889 
-0.402465 1.82172 
-0.335618 1.83455 
-0.268772 1.84737 
-0.201925 1.8602 
-0.135079 1.87303 
-0.0682323 1.88586 
-0.00138582 1.89869 
0.0654606 1.91152 
0.132307 1.92434 
0.199154 1.93717 
0.266 1.95 

